goal_orientation:
  w: 0.12950918674041023
  z: -0.9915782221034494
goal_position:
  x: 1.292153523635048
  y: -3.063558587462583
