goal_orientation:
  w: 0.8967352094958557
  z: 0.442567468359824
goal_position:
  x: 1.0272343336282854
  y: 0.8028867962690964
