goal_orientation:
  w: 0.995998071804261
  z: 0.08937472216568916
goal_position:
  x: -0.015849495647840165
  y: -0.019462071838769492
